bitshift+ k-linearization(cubic)

k-linearization parameters:
c0=5.624974
c1=1778.527066
c2=258.211630
c3=1.054058
